31
0765 0259 1000 0092
0765 0269 1000 0102
0805 0314 1059 0160
0605 0359 0852 0209
0855 0374 1106 0222
0675 0379 0929 0198
0845 0384 1094 0231
0805 0409 1040 0250
0815 0409 1060 0254
0835 0414 1081 0261
0755 0444 0979 0279
0805 0449 1040 0286
0800 0509 1024 0351
0795 0514 1018 0356
0815 0514 1050 0350
0825 0529 1052 0375
0865 0554 1100 0395
0480 0564 0721 0401
0745 0564 0968 0404
0565 0569 0791 0410
0745 0569 0968 0409
0555 0749 0810 0597
0195 0774 0435 0602
0210 0784 0441 0607
0225 0789 0462 0624
0630 0789 0878 0638
0260 0819 0486 0655
0975 0849 1215 0692
0125 0874 0363 0706
0690 0909 0912 0748
0975 0914 1210 0756
